0
60
88
166
300
323
426
482
559
608
635
770
935
961
1132
1154
1496
1587
1795
1892
1910
2209
2241
2280
2634
2688
2838
2936
2964
3141
3164
3166
3306
3425
3458
3506
3559
3637
4108
4143
4535
4705
4747
4764
4870
5005
5009
5049
5061
5162
5347
5370
5528
5561
5645
5748
5773
6015
6057
6174
6381
6520
6536
6630
6685
6685
7034
7064
7107
7269
7287
7352
7375
7386
7683
7733
7827
7992
8033
8036
8101
8107
8174
8251
8309
8900
8986
9074
9100
9197
9218
9455
9643
9654
9744
9987
10164
10344
10380
10458
10497
10519
10719
10774
11002
11002
11308
11368
11448
11658
11724
11744
12174
12251
12295
12364
12385
12440
12495
12537
12594
12604
12672
12949
13043
13103
13119
13404
13511
13534
13646
13920
14072
14182
14203
14305
14331
14369
14415
14490
14620
14754
14816
14840
14879
14926
15032
15034
15040
15122
15332
15361
15372
15542
15588
15774
15922
15958
15976
15977
16009
16028
16075
16103
16142
16169
16220
16221
16309
16593
16651
16732
17080
17116
17118
17138
17598
17689
17833
18090
18120
18683
18828
18955
19183
19199
19397
19468
19631
19808
19956
19976
20065
20245
20249
20326
20457
20527
20535
20957
21152
21276
21355
21386
21525
21554
21583
21639
21896
21942
22052
22069
22166
22167
22481
22701
23027
23058
23190
23208
23261
23287
23320
23360
23370
23541
23778
23802
23842
23992
24045
24323
24376
24406
24459
24515
24674
24704
24785
25013
25016
25143
25153
25213
25306
25393
25496
25717
25885
25902
26178
26246
26363
26367
26414
26612
26615
26662
26922
26932
27271
27326
27421
27459
27491
27536
27665
27667
27709
27720
27880
27893
27930
27952
28011
28029
28216
28404
28595
28722
28866
28932
28977
29100
29153
29247
29305
29703
29707
30013
30633
30833
31017
31074
31161
31470
31574
31601
31754
31878
31904
31918
31925
32062
32065
32157
32343
32723
32824
32906
32944
32958
32967
33076
33118
33293
33431
33809
33851
33912
34362
34382
34446
34458
34588
34750
34953
34953
35102
35132
35693
35753
35768
35927
35938
35966
36209
36241
36516
36534
36534
36740
36821
36857
36905
36975
37023
37147
37191
37252
37336
37425
37532
37682
37737
37749
37756
37837
38012
38061
38196
38232
38262
38283
38297
38342
38351
38415
38577
38582
38773
38784
38883
38907
38918
38932
38951
38974
38986
39097
39302
39815
40170
40184
40274
40359
40579
40754
40818
40877
41032
41209
41225
41350
41403
41430
41540
41557
41600
41601
41648
41680
41749
41773
42004
42158
42246
42256
42390
42414
42434
42520
42650
42888
42948
43045
43062
43085
43191
43288
43610
43642
43643
43650
43664
43934
43973
44004
44027
44127
44132
44164
44238
44280
44452
44486
44593
44603
44649
44687
45035
45074
45186
45231
45508
45531
45576
45717
45805
45866
45977
46044
46070
46225
46306
46333
46404
46445
46501
46754
46775
46792
46808
46811
46950
47127
47238
47590
47644
47765
47774
47781
47978
47979
48388
48419
48529
48533
48648
48652
48669
48685
48852
48895
48966
49082
49135
49185
49398
49425
49464
49513
49570
49659
49849
49864
49966
49975
49996
50071
50228
50453
50596
50597
50682
50966
51315
51328
51394
51444
51460
51466
51630
51654
51691
51715
51771
51809
51848
51878
51918
51931
51934
51942
51999
52097
52207
52222
52281
52308
52378
52499
52568
52613
52619
52634
52693
52742
52744
52855
52971
52975
53049
53143
53277
53420
53445
53488
53596
53627
53653
53731
53743
53867
53951
54154
54172
54240
54395
54403
54614
54698
54874
55183
55287
55392
55459
55615
55684
56092
56149
56261
56262
56490
56619
57159
57166
57245
57281
57319
57437
57568
57618
57672
57678
57778
57987
58129
58243
58479
58568
58602
58687
58719
58799
58812
58889
58898
58942
58981
59011
59046
59112
59159
59355
59593
59717
59748
59822
59936
60014
60040
60102
60164
60225
60554
60561
60564
60601
60762
61074
61112
61413
61636
61662
62105
62164
62485
62687
62784
62877
62927
62955
62958
63049
63164
63177
63264
63274
63343
63462
63472
63521
63906
63953
64298
64303
64490
64650
65013
65126
65130
65152
65152
65165
65206
65263
65302
65392
65860
65906
65989
66136
66200
66290
66415
66469
66531
66551
66598
66686
66705
66768
66797
66883
66953
67010
67020
67100
67115
67179
67191
67453
67470
67624
67887
67930
67934
67960
68057
68117
68120
68135
68150
68167
68205
68250
68611
68678
68742
68758
68846
68899
69078
69113
69217
69359
69403
69486
69564
69568
69601
69625
69700
69807
69847
69856
69970
69980
69984
70120
70221
70248
70299
70337
70647
70654
70695
70783
70859
70893
70932
70982
71012
71046
71157
71158
71343
71355
71370
71471
71565
71892
71916
71980
72077
72188
72267
72377
72384
72542
72645
72734
72861
72975
73045
73137
73609
73623
73718
73896
73900
74076
74172
74313
74328
74411
74668
74830
74832
74915
74926
75172
75295
75318
75336
75387
75585
75586
75642
75678
75763
75825
76062
76152
76220
76235
76258
76401
76618
76650
76707
76912
76937
76944
77005
77021
77195
77204
77336
77589
77687
78300
78301
78316
78387
79339
79428
79477
79489
79536
79586
79904
80073
80202
80209
80241
80308
80327
80492
80665
80895
81190
81305
81305
81327
81442
81541
81594
81711
81757
81811
81953
81973
82118
82134
82290
82470
82584
82782
82836
82871
82924
83097
83126
83153
83338
83348
83365
83369
83434
83470
83621
83638
83642
83660
83709
83811
83955
84152
84158
84204
84205
84398
84558
84599
84617
84928
85054
85127
85437
85620
85688
85877
85922
86023
86086
86119
86163
86365
86418
86461
86589
86752
86825
86919
86927
86950
87189
87657
87820
87842
87906
87917
88079
88151
88371
88471
88565
88604
88700
88858
89002
89074
89653
89766
89766
89792
89953
90122
90168
90331
90466
90870
90893
90921
91033
91382
91403
91664
91785
91797
91924
91950
92026
92083
92112
92148
92551
92915
92970
92990
93044
93168
93192
93285
93404
93412
93470
93525
93526
93594
93790
93826
93973
93988
94017
94098
94143
94446
94476
94526
94605
94749
94755
94777
94916
95137
95176
95216
95244
95403
95442
95537
95541
96110
96254
96317
96348
96486
96691
96773
97009
97248
97335
97336
97426
97435
97589
97612
97719
97724
98204
98256
98324
98331
98651
98665
98689
98715
98733
98794
98937
99104
99154
99541
99760
99912
99946
