13154 75561 45866 53277 21896 4705 67887 67930 93470 38351 51942 83097 3458
      5347 52971 67115 770 38342 6685 41749 68678 58898 93044 84617 52693 9197
      65392 41600 70120 91033 76220 26246 4747 73609 32824 63264 75642 99104
      36534 24704 98256 72267 75336 65152 7269 63164 88471 27271 43642 76650
      47774 23778 27491 35927 16651 48652 89766 90921 6057 90466 50453 51630
      31904 98665 49398 26615 9074 94777 7375 50071 38415 27709 91382 52975
      46445 94098 5009 76152 77021 82782 12537 1587 68846 86825 62955 73623
      72542 99946 88858 23320 30633 35102 51328 59112 84599 41209 84152 26932
      41540 53731 46792 28722 17833 15372 57166 80241 3306 53445 49849 95537
      74830 55459 89074 62485 84204 15977 21276 71471 13043 9100 27459 300
      41430 2688 70982 93790 23992 18090 31754 88700 65206 15034 68135 38582
      38773 49975 14754 58719 84558 59011 95541 55615 14816 98331 40877 14182
      56490 25213 48852 46404 96110 12604 19976 31925 62927 12672 65126 62164
      80308 24785 47644 38932 20326 2838 90168 42650 14203 94749 41032 13119
      88565 9218 16220 7107 36534 25306 13511 78316 45531 34953 45231 80895
      93168 65165 21525 67960 90893 25013 86086 47127 50596 60040 81757 75585
      46225 95137 63274 43934 82470 68899 70221 98715 95442 85127 28932 53743
      51444 10344 41403 57672 87657 44004 72975 86927 71565 80073 70654 74172
      1910 88604 52499 46333 6520 71343 48895 66768 68205 19956 91664 86589
      89002 54395 13920 45035 98937 21554 44603 31574 51466 88151 43973 46754
      80665 36516 21152 99912 15361 63049 61636 60 88 77336 72734 31918 41773
      68250 68057 20527 83642 70893 82871 9455 8174 76401 62958 21386 21355
      8107 38883 95216 94755 38986 26922 69217 28404 77687 78387 42246 28216
      19397 1132 19183 98324 24406 81973 13646 39815 60102 17689 82836 15774
      98794 25717 23360 10164 21942 63472 69601 79477 69625 75295 66953 63343
      5645 59822 22701 31878 69984 11744 76258 52613 55392 58799 32967 70299
      14305 16169 48533 86023 81327 55684 73900 31601 13534 52855 31074 58812
      51809 43085 25885 37023 39302 44687 47590 38784 27930 7827 36975 25393
      67179 67624 51394 72861 72077 94476 46070 94017 32157 46044 51715 66136
      40184 60564 98651 15040 67010 34382 54172 52281 82924 1496 27421 64298
      54614 91785 26662 97009 24674 84398 69403 45576 81711 2209 16075 70695
      70783 43664 58243 75172 99154 69568 27952 75387 17118 426 49570 7992
      16309 90331 78300 74668 43643 635 58479 51848 6685 54403 38974 21583
      38577 62687 65906 70932 53867 28029 81594 37191 68611 31017 935 10380
      52097 77589 22069 5528 7064 16028 72377 29703 5061 47781 45717 51999
      44649 15032 28595 83369 69564 57778 68117 33118 5748 98689 54240 166
      85620 2936 37756 48966 57618 73896 67934 53627 3559 12251 97336 18828
      35132 61413 60762 12594 55287 95403 35693 83811 97426 25902 25153 42434
      81305 89792 24459 76062 69486 45186 26363 66551 11658 20957 11368 54698
      608 17598 59936 43191 8251 68742 37532 83621 12364 97335 2964 8036 49425
      76944 93404 25016 35966 76912 49996 74926 67191 68167 75678 3637 23058
      22167 56261 65263 61662 37147 22481 23370 65302 16593 74411 15976 4764
      66200 12495 94916 48419 62105 91403 1795 59355 72188 49659 5370 44164
      51918 77195 6536 44280 97719 46775 32906 44593 74328 20535 17138 37252
      93973 96486 25496 7034 12385 52634 16009 51771 10519 84158 36857 42390
      32723 71355 57678 87189 75825 83660 69980 38907 93525 60561 36209 53951
      45508 40170 24045 8309 42158 47238 28977 10497 21639 80202 52744 66883
      86365 24376 71157 26367 38283 8101 45977 23287 79536 49135 323 26612
      66469 42520 18683 96348 13404 79586 94605 17116 60601 6381 34750 29247
      50966 82584 83434 72645 32944 80209 63177 4535 4143 15332 76707 6174
      51931 92915 22052 20457 8900 69970 70647 49464 26178 71158 37837 20065
      23261 43610 46950 86119 97724 44452 3425 52378 3164 75318 59159 82290
      32958 23208 53653 43062 40359 98733 96691 85054 86752 31161 14840 99760
      63953 46808 93192 69078 81541 54154 57281 15922 94526 82134 15542 4108
      34362 11002 9654 51878 2241 56149 85688 51691 67453 73718 69847 2280
      19199 67100 34588 6630 14072 92112 22166 38012 58602 16732 2634 69113
      76235 71370 7733 58981 92551 92970 43045 50597 83126 91924 60164 72384
      51934 49082 16142 97612 57437 27326 53143 69856 66705 9744 54874 61074
      66797 49513 57159 58889 44132 15122 50228 73137 3166 5162 52207 32065
      3506 24515 10719 38297 55183 59717 61112 93526 77204 51315 48669 65013
      69700 40754 48685 47979 71046 53420 27665 60554 28011 70337 53049 93826
      23541 41350 59748 78301 92026 68150 82118 52742 23027 14369 89953 25143
      65152 482 93594 27536 85877 27893 95244 50682 12295 41648 70248 43650
      10774 76618 9987 44127 34458 29707 75763 33851 33076 5561 57319 48529
      20249 11448 97435 86461 49185 36740 80492 16221 15958 5773 14926 46811
      38061 88371 42414 41225 65130 30833 6015 81442 89766 91950 90122 77005
      17080 57245 3141 80327 52222 86163 27720 86950 58687 38918 81190 52568
      93988 42004 57987 74915 88079 33809 18955 74313 71892 87917 7287 71012
      87906 35938 8986 16103 41680 9643 67470 56262 81305 87820 76937 63521
      89653 87842 48648 11308 37749 38262 68758 12174 7683 14331 47765 70859
      23802 39097 97589 62877 68120 90870 36241 85922 79428 42888 7352 49864
      48388 45074 49966 74076 93285 30013 14620 11002 8033 97248 40818 23842
      96317 83348 19808 12949 19631 33912 57568 44027 58568 43288 36821 38232
      60014 42948 14879 67020 99541 69807 40274 84928 81953 79339 37425 961
      47978 63906 64650 64490 79904 37737 35768 38951 33431 69359 14490 29153
      66686 85437 31470 14415 60225 559 92083 38196 51654 34446 26414 29100
      83365 12440 63462 4870 45805 37682 15588 75586 66598 1154 79489 56092
      28866 41557 32062 51460 71916 84205 23190 46501 37336 5005 7386 20245
      56619 83153 42256 83955 29305 18120 35753 93412 58942 36905 46306 62784
      94446 40579 5049 44486 59593 74832 86418 13103 10458 66531 83338 58129
      65860 98204 1892 92148 19468 96773 52308 27880 71980 59046 83709 83470
      65989 73045 64303 34953 53488 66415 32343 86919 44238 91797 27667 95176
      11724 41601 83638 96254 33293 52619 53596 81811 92990 66290 24323 94143