Generated by GetData Graph Digitizer 2.26.0.20 on November 08 2019, 11:17
from file 'C:\Users\zyusk\IdeaProjects\bsuir-labs\nnm\7\input.jpg'

Line #1
-9.54545454545455e-001    6.94214876033058e-001
-7.53246753246753e-001   -2.47933884297521e-002
-6.62337662337662e-001    2.39669421487603e-001
-8.89610389610390e-001   -6.52892561983471e-001
-7.92207792207792e-001   -7.27272727272727e-001
-7.27272727272727e-001   -9.42148760330578e-001
-6.42857142857143e-001   -1.90082644628099e-001
-4.61038961038961e-001   -5.86776859504132e-001
-4.09090909090909e-001   -3.30578512396694e-001
-4.28571428571429e-001   -1.81818181818182e-001
-3.11688311688312e-001   -1.07438016528926e-001
-1.68831168831169e-001   -5.86776859504132e-001
-7.14285714285714e-002    2.89256198347107e-001
-7.14285714285714e-002    5.37190082644628e-001
 1.16883116883117e-001    7.10743801652893e-001
 1.36363636363636e-001    2.72727272727273e-001
 1.42857142857143e-001   -9.00826446280992e-001
 3.24675324675325e-001   -3.47107438016529e-001
 4.15584415584416e-001    9.91735537190083e-001
 4.80519480519481e-001   -8.76033057851240e-001
 5.71428571428571e-001    2.47933884297520e-002
 6.36363636363636e-001   -8.01652892561983e-001
 7.07792207792208e-001    7.43801652892562e-001
 7.14285714285714e-001    8.67768595041322e-001
 7.92207792207792e-001   -7.60330578512397e-001
 8.63636363636364e-001    4.54545454545455e-001
 8.76623376623377e-001   -3.96694214876033e-001
 8.96103896103896e-001   -8.42975206611570e-001
 9.67532467532467e-001    7.19008264462810e-001
 9.74025974025974e-001    8.26446280991735e-002
 1.00000000000000e+000   -1.00000000000000e+000
